# Created by Octave 7.1.0, Sun Jun 21 01:34:53 2026 -04 <lucas@lucas-H410M-H>
# name: ax
# type: scalar
-38.738534314679661


# name: c
# type: scalar
0


# name: f
# type: function handle
@<anonymous>
@(x) (x .^ 2 - 4) ./ (x - 2)


# name: limite_analitico
# type: scalar
1


# name: x_curva
# type: matrix
# rows: 1
# columns: 200
 -2 -1.9798989898989898 -1.9597979797979799 -1.9396969696969697 -1.9195959595959595 -1.8994949494949496 -1.8793939393939394 -1.8592929292929292 -1.8391919191919193 -1.8190909090909091 -1.7989898989898989 -1.778888888888889 -1.7587878787878788 -1.7386868686868686 -1.7185858585858584 -1.6984848484848485 -1.6783838383838383 -1.6582828282828284 -1.6381818181818182 -1.618080808080808 -1.5979797979797978 -1.5778787878787879 -1.5577777777777777 -1.5376767676767678 -1.5175757575757576 -1.4974747474747474 -1.4773737373737372 -1.4572727272727273 -1.4371717171717171 -1.4170707070707071 -1.396969696969697 -1.3768686868686868 -1.3567676767676766 -1.3366666666666667 -1.3165656565656565 -1.2964646464646465 -1.2763636363636364 -1.2562626262626262 -1.236161616161616 -1.2160606060606061 -1.1959595959595959 -1.1758585858585859 -1.1557575757575758 -1.1356565656565656 -1.1155555555555554 -1.0954545454545455 -1.0753535353535353 -1.0552525252525253 -1.0351515151515152 -1.015050505050505 -0.99494949494949503 -0.97484848484848485 -0.95474747474747479 -0.93464646464646473 -0.91454545454545455 -0.89444444444444449 -0.87434343434343442 -0.85424242424242425 -0.83414141414141418 -0.81404040404040412 -0.79393939393939394 -0.77383838383838388 -0.75373737373737382 -0.73363636363636364 -0.71353535353535358 -0.69343434343434351 -0.67333333333333334 -0.65323232323232328 -0.63313131313131321 -0.61303030303030304 -0.59292929292929297 -0.57282828282828291 -0.55272727272727273 -0.53262626262626267 -0.51252525252525261 -0.49242424242424243 -0.47232323232323237 -0.45222222222222225 -0.43212121212121213 -0.41202020202020206 -0.39191919191919194 -0.37181818181818183 -0.35171717171717176 -0.33161616161616164 -0.31151515151515152 -0.29141414141414146 -0.27131313131313134 -0.25121212121212122 -0.23111111111111113 -0.21101010101010104 -0.19090909090909092 -0.17080808080808083 -0.15070707070707073 -0.13060606060606061 -0.11050505050505051 -0.090404040404040403 -0.070303030303030298 -0.050202020202020206 -0.030101010101010101 -0.01 0.01 0.030101010101010101 0.050202020202020206 0.070303030303030298 0.090404040404040403 0.11050505050505051 0.13060606060606061 0.15070707070707073 0.17080808080808083 0.19090909090909092 0.21101010101010104 0.23111111111111113 0.25121212121212122 0.27131313131313134 0.29141414141414146 0.31151515151515152 0.33161616161616164 0.35171717171717176 0.37181818181818183 0.39191919191919194 0.41202020202020206 0.43212121212121213 0.45222222222222225 0.47232323232323237 0.49242424242424243 0.51252525252525261 0.53262626262626267 0.55272727272727273 0.57282828282828291 0.59292929292929297 0.61303030303030304 0.63313131313131321 0.65323232323232328 0.67333333333333334 0.69343434343434351 0.71353535353535358 0.73363636363636364 0.75373737373737382 0.77383838383838388 0.79393939393939394 0.81404040404040412 0.83414141414141418 0.85424242424242425 0.87434343434343442 0.89444444444444449 0.91454545454545455 0.93464646464646473 0.95474747474747479 0.97484848484848485 0.99494949494949503 1.015050505050505 1.0351515151515152 1.0552525252525253 1.0753535353535353 1.0954545454545455 1.1155555555555554 1.1356565656565656 1.1557575757575758 1.1758585858585859 1.1959595959595959 1.2160606060606061 1.236161616161616 1.2562626262626262 1.2763636363636364 1.2964646464646465 1.3165656565656565 1.3366666666666667 1.3567676767676766 1.3768686868686868 1.396969696969697 1.4170707070707071 1.4371717171717171 1.4572727272727273 1.4773737373737372 1.4974747474747474 1.5175757575757576 1.5376767676767678 1.5577777777777777 1.5778787878787879 1.5979797979797978 1.618080808080808 1.6381818181818182 1.6582828282828284 1.6783838383838383 1.6984848484848485 1.7185858585858584 1.7386868686868686 1.7587878787878788 1.778888888888889 1.7989898989898989 1.8190909090909091 1.8391919191919193 1.8592929292929292 1.8793939393939394 1.8994949494949496 1.9195959595959595 1.9396969696969697 1.9597979797979799 1.9798989898989898 2


# name: x_der
# type: matrix
# rows: 1
# columns: 100
 0.01 0.030101010101010101 0.050202020202020206 0.070303030303030298 0.090404040404040403 0.11050505050505051 0.13060606060606061 0.15070707070707073 0.17080808080808083 0.19090909090909092 0.21101010101010104 0.23111111111111113 0.25121212121212122 0.27131313131313134 0.29141414141414146 0.31151515151515152 0.33161616161616164 0.35171717171717176 0.37181818181818183 0.39191919191919194 0.41202020202020206 0.43212121212121213 0.45222222222222225 0.47232323232323237 0.49242424242424243 0.51252525252525261 0.53262626262626267 0.55272727272727273 0.57282828282828291 0.59292929292929297 0.61303030303030304 0.63313131313131321 0.65323232323232328 0.67333333333333334 0.69343434343434351 0.71353535353535358 0.73363636363636364 0.75373737373737382 0.77383838383838388 0.79393939393939394 0.81404040404040412 0.83414141414141418 0.85424242424242425 0.87434343434343442 0.89444444444444449 0.91454545454545455 0.93464646464646473 0.95474747474747479 0.97484848484848485 0.99494949494949503 1.015050505050505 1.0351515151515152 1.0552525252525253 1.0753535353535353 1.0954545454545455 1.1155555555555554 1.1356565656565656 1.1557575757575758 1.1758585858585859 1.1959595959595959 1.2160606060606061 1.236161616161616 1.2562626262626262 1.2763636363636364 1.2964646464646465 1.3165656565656565 1.3366666666666667 1.3567676767676766 1.3768686868686868 1.396969696969697 1.4170707070707071 1.4371717171717171 1.4572727272727273 1.4773737373737372 1.4974747474747474 1.5175757575757576 1.5376767676767678 1.5577777777777777 1.5778787878787879 1.5979797979797978 1.618080808080808 1.6381818181818182 1.6582828282828284 1.6783838383838383 1.6984848484848485 1.7185858585858584 1.7386868686868686 1.7587878787878788 1.778888888888889 1.7989898989898989 1.8190909090909091 1.8391919191919193 1.8592929292929292 1.8793939393939394 1.8994949494949496 1.9195959595959595 1.9396969696969697 1.9597979797979799 1.9798989898989898 2


